hub:
  world: hub
  x: 8.513313804618756
  y: 84.0
  z: 8.437254866837439
  yaw: -180.1861572265625
  pitch: -2.5500259399414062
