lastAccountName: Dyl_Snickle
timestamps:
  login: 1606325648150
  logout: 1606331267287
  lastteleport: 1606170150913
ipAddress: 74.81.237.240
logoutlocation:
  world: Survival
  x: 2095.699999988079
  y: 64.5625
  z: 5710.80943580295
  yaw: -307.6494
  pitch: 10.800023
lastlocation:
  world: Survival
  x: 9.265120115752268
  y: 63.9375
  z: -129.14198628220834
  yaw: -349.1996
  pitch: 6.150093
money: '4543.0'
afk: false
nickname: Little_Demon
