lastAccountName: SourDoughLL
timestamps:
  login: 1606368093256
  logout: 1606372647681
  lastteleport: 1606274305626
ipAddress: 192.168.1.1
logoutlocation:
  world: Survival
  x: -49.93335059467891
  y: 102.0
  z: -560.3974295816593
  yaw: 123.44819
  pitch: 13.199835
afk: false
lastlocation:
  world: hub
  x: 6.86774467140823
  y: 83.61506043963819
  z: -37.73301970088931
  yaw: -172.77185
  pitch: 14.550157
nickname: §5§kLimbusPrime
