lastAccountName: Mkai2000
timestamps:
  login: 1606099795899
  logout: 1606099809315
ipAddress: 67.177.14.166
logoutlocation:
  world: Survival
  x: -509.34971964952837
  y: 65.0
  z: -417.91885013717973
  yaw: 196.39326
  pitch: 27.450132
money: '0.0'
